k-Fold final Accuracy: 0.25346341729164124
k-Fold standart deviation: 0.026941876858472824
Values: tensor([0.2244, 0.2843, 0.2663, 0.2388])
k_max=4
k_size=100000
Width=128
Conv_Depth=3
Point_Depth=3
Linear_Depth=3
Epochs=50
Batch_Size=1024
Time=0.00025615508