k-Fold final Accuracy: 0.2736458480358124
k-Fold standart deviation: 0.05230342224240303
Values: tensor([0.2232, 0.2614, 0.2268, 0.3337, 0.3231])
k_max=5
k_size=200000
Width=128
Conv_Depth=3
Point_Depth=3
Linear_Depth=3
Epochs=80
Batch_Size=1024
Time=0.00024268485000000003