k-Fold final Accuracy: 0.22885672748088837
k-Fold standart deviation: 0.007617689203470945
Values: tensor([0.2180, 0.2351, 0.2295, 0.2328])
k_max=4
k_size=100000
Width=128
Conv_Depth=3
Point_Depth=3
Linear_Depth=5
Epochs=50
Batch_Size=1024
Time=0.00025542632