k-Fold final Accuracy: 0.22947169840335846
k-Fold standart deviation: 0.0048066615127027035
Values: tensor([0.2254, 0.2278, 0.2364, 0.2282])
k_max=4
k_size=100000
Width=128
Conv_Depth=3
Point_Depth=3
Linear_Depth=9
Epochs=50
Batch_Size=1024
Time=0.00025767536