k-Fold final Accuracy: 0.305543452501297
k-Fold standart deviation: 0.1127927303314209
k_max=4
k_size=100000
Width=128
Conv_Depth=3
Point_Depth=4
Linear_Depth=5
Epochs=40
Batch_Size=512
Time=0.00054954872