k-Fold final Accuracy: 0.2322816401720047
k-Fold standart deviation: 0.004179562442004681
k_max=4
k_size=100000
Width=128
Conv_Depth=4
Point_Depth=3
Linear_Depth=5
Epochs=40
Batch_Size=512
Time=0.00042967424