k-Fold final Accuracy: 0.23531168699264526
k-Fold standart deviation: 0.00515547813847661
k_max=4
k_size=100000
Width=32
Conv_Depth=2
Point_Depth=1
Linear_Depth=5
Epochs=40
Batch_Size=512
Time=0.00016215252