k-Fold final Accuracy: 0.2392559051513672
k-Fold standart deviation: 0.007156644482165575
k_max=4
k_size=100000
Width=128
Conv_Depth=2
Point_Depth=3
Linear_Depth=5
Epochs=40
Batch_Size=512
Time=0.00041782444