k-Fold final Accuracy: 0.22932414710521698
k-Fold standart deviation: 0.007518387399613857
k_max=4
k_size=100000
Width=128
Conv_Depth=3
Point_Depth=1
Linear_Depth=5
Epochs=40
Batch_Size=512
Time=0.00017276964