k-Fold final Accuracy: 0.2278609424829483
k-Fold standart deviation: 0.0033133751712739468
k_max=4
k_size=100000
Width=128
Conv_Depth=3
Point_Depth=1
Linear_Depth=5
Epochs=40
Batch_Size=512
Time=0.00017279267999999997