k-Fold final Accuracy: 0.2680695056915283
k-Fold standart deviation: 0.060028478503227234
k_max=4
k_size=100000
Width=128
Conv_Depth=3
Point_Depth=5
Linear_Depth=5
Epochs=40
Batch_Size=512
Time=0.00067584484