k-Fold final Accuracy: 0.23305027186870575
k-Fold standart deviation: 0.008872288279235363
k_max=4
k_size=100000
Width=32
Conv_Depth=2
Point_Depth=4
Linear_Depth=5
Epochs=40
Batch_Size=512
Time=0.00026258144