k-Fold final Accuracy: 0.261532187461853
k-Fold standart deviation: 0.056406598538160324
k_max=4
k_size=100000
Width=128
Conv_Depth=3
Point_Depth=6
Linear_Depth=5
Epochs=40
Batch_Size=512
Time=0.0008010832