k-Fold final Accuracy: 0.2314126193523407
k-Fold standart deviation: 0.005264573264867067
k_max=4
k_size=100000
Width=128
Conv_Depth=3
Point_Depth=3
Linear_Depth=5
Epochs=40
Batch_Size=512
Time=0.00042419192000000004