k-Fold final Accuracy: 0.23048953711986542
k-Fold standart deviation: 0.0049251988530159
k_max=4
k_size=100000
Width=32
Conv_Depth=4
Point_Depth=4
Linear_Depth=8
Epochs=40
Batch_Size=512
Time=0.00026853196