k-Fold final Accuracy: 0.2284587323665619
k-Fold standart deviation: 0.004872348625212908
k_max=4
k_size=100000
Width=32
Conv_Depth=4
Point_Depth=2
Linear_Depth=8
Epochs=40
Batch_Size=512
Time=0.00020124479999999997