k-Fold final Accuracy: 0.23233860731124878
k-Fold standart deviation: 0.0013511809520423412
k_max=4
k_size=100000
Width=32
Conv_Depth=4
Point_Depth=5
Linear_Depth=6
Epochs=40
Batch_Size=512
Time=0.00030264196