k-Fold final Accuracy: 0.23798754811286926
k-Fold standart deviation: 0.004234332591295242
k_max=4
k_size=100000
Width=32
Conv_Depth=4
Point_Depth=6
Linear_Depth=8
Epochs=40
Batch_Size=512
Time=0.00033652920000000003