k-Fold final Accuracy: 0.23190203309059143
k-Fold standart deviation: 0.006181917153298855
k_max=4
k_size=100000
Width=32
Conv_Depth=4
Point_Depth=3
Linear_Depth=6
Epochs=40
Batch_Size=512
Time=0.00023625684