k-Fold final Accuracy: 0.40248191356658936
k-Fold standart deviation: 0.2553190290927887
k_max=4
k_size=100000
Width=128
Conv_Depth=3
Point_Depth=3
Linear_Depth=9
Epochs=40
Batch_Size=512
Time=0.00042454872