k-Fold final Accuracy: 0.22879371047019958
k-Fold standart deviation: 0.0024183373898267746
k_max=4
k_size=100000
Width=32
Conv_Depth=2
Point_Depth=3
Linear_Depth=7
Epochs=40
Batch_Size=512
Time=0.00023013308