k-Fold final Accuracy: 0.23111611604690552
k-Fold standart deviation: 0.0037446736823767424
k_max=4
k_size=100000
Width=32
Conv_Depth=2
Point_Depth=3
Linear_Depth=8
Epochs=40
Batch_Size=512
Time=0.0002308748