k-Fold final Accuracy: 0.23464331030845642
k-Fold standart deviation: 0.007315241731703281
k_max=4
k_size=100000
Width=128
Conv_Depth=3
Point_Depth=3
Linear_Depth=7
Epochs=40
Batch_Size=512
Time=0.00042386404