k-Fold final Accuracy: 0.23143370449543
k-Fold standart deviation: 0.004030716605484486
k_max=4
k_size=100000
Width=32
Conv_Depth=2
Point_Depth=3
Linear_Depth=9
Epochs=40
Batch_Size=512
Time=0.000230902