k-Fold final Accuracy: 0.23522058129310608
k-Fold standart deviation: 0.00508146220818162
k_max=4
k_size=100000
Width=128
Conv_Depth=3
Point_Depth=3
Linear_Depth=2
Epochs=40
Batch_Size=512
Time=0.00042268363999999997