k-Fold final Accuracy: 0.23096048831939697
k-Fold standart deviation: 0.0035858144983649254
k_max=4
k_size=100000
Width=128
Conv_Depth=3
Point_Depth=3
Linear_Depth=6
Epochs=40
Batch_Size=512
Time=0.0004299366