k-Fold final Accuracy: 0.22863440215587616
k-Fold standart deviation: 0.004330964293330908
k_max=4
k_size=100000
Width=32
Conv_Depth=4
Point_Depth=1
Linear_Depth=6
Epochs=40
Batch_Size=512
Time=0.00016839684