k-Fold final Accuracy: 0.24145275354385376
k-Fold standart deviation: 0.019435221329331398
k_max=4
k_size=100000
Width=32
Conv_Depth=4
Point_Depth=1
Linear_Depth=4
Epochs=40
Batch_Size=512
Time=0.00016961824