k-Fold final Accuracy: 0.2269020676612854
k-Fold standart deviation: 0.0034730613697320223
k_max=4
k_size=100000
Width=32
Conv_Depth=4
Point_Depth=1
Linear_Depth=7
Epochs=40
Batch_Size=512
Time=0.00016843564