k-Fold final Accuracy: 0.23009206354618073
k-Fold standart deviation: 0.006469453684985638
k_max=4
k_size=100000
Width=32
Conv_Depth=4
Point_Depth=1
Linear_Depth=9
Epochs=40
Batch_Size=512
Time=0.00017068196000000001