k-Fold final Accuracy: 0.27676525712013245
k-Fold standart deviation: 0.042348362505435944
k_max=4
k_size=100000
Width=32
Conv_Depth=4
Point_Depth=1
Linear_Depth=3
Epochs=40
Batch_Size=512
Time=0.00016763407999999998