k-Fold final Accuracy: 0.23290038108825684
k-Fold standart deviation: 0.004100380465388298
k_max=4
k_size=100000
Width=32
Conv_Depth=4
Point_Depth=1
Linear_Depth=2
Epochs=40
Batch_Size=512
Time=0.0001675304