k-Fold final Accuracy: 0.23183409869670868
k-Fold standart deviation: 0.005430042743682861
Values: tensor([0.2312, 0.2255, 0.2388, 0.2319])
k_max=4
k_size=100000
Width=128
Conv_Depth=3
Point_Depth=6
Linear_Depth=5
Epochs=50
Batch_Size=1024
Time=0.0003773222