k-Fold final Accuracy: 0.23798209428787231
k-Fold standart deviation: 0.017914291471242905
Values: tensor([0.2217, 0.2244, 0.2589, 0.2469])
k_max=4
k_size=100000
Width=128
Conv_Depth=3
Point_Depth=6
Linear_Depth=5
Epochs=50
Batch_Size=1024
Time=0.00037731748000000004