k-Fold final Accuracy: 0.22538413107395172
k-Fold standart deviation: 0.005914955399930477
Values: tensor([0.2198, 0.2213, 0.2278, 0.2326])
k_max=4
k_size=100000
Width=128
Conv_Depth=3
Point_Depth=1
Linear_Depth=5
Epochs=50
Batch_Size=1024
Time=0.00017762872