k-Fold final Accuracy: 0.2274041622877121
k-Fold standart deviation: 0.0041860188357532024
Values: tensor([0.2230, 0.2324, 0.2251, 0.2291])
k_max=4
k_size=100000
Width=128
Conv_Depth=3
Point_Depth=4
Linear_Depth=5
Epochs=50
Batch_Size=1024
Time=0.0002958996