k-Fold final Accuracy: 0.22620263695716858
k-Fold standart deviation: 0.005939821247011423
Values: tensor([0.2185, 0.2259, 0.2276, 0.2329])
k_max=4
k_size=100000
Width=128
Conv_Depth=3
Point_Depth=5
Linear_Depth=5
Epochs=50
Batch_Size=1024
Time=0.00033624451999999996