k-Fold final Accuracy: 0.27980339527130127
k-Fold standart deviation: 0.031655099242925644
Values: tensor([0.2560, 0.3074, 0.2490, 0.3069])
k_max=4
k_size=100000
Width=128
Conv_Depth=3
Point_Depth=2
Linear_Depth=5
Epochs=50
Batch_Size=1024
Time=0.00021667896