Accuracy: 0.2439790964126587
Training_Size=200000.0
Epochs=200
Batch_Size=1024
Time=0.0002546184