k-Fold final Accuracy: 0.2437611073255539
k-Fold standart deviation: 0.0039661782793700695
k_max=10
k_size=200000
Epochs=60
Batch_Size=1024
Time=0.0004177151