k-Fold final Accuracy: 0.23205290734767914
k-Fold standart deviation: 0.004025308880954981
k_max=4
k_size=100000
Width=128
Conv_Depth=1
Point_Depth=3
Linear_Depth=5
Epochs=40
Batch_Size=512
Time=0.0004120228