k-Fold final Accuracy: 0.24827833473682404
k-Fold standart deviation: 0.02743709087371826
k_max=4
k_size=100000
Width=128
Conv_Depth=5
Point_Depth=3
Linear_Depth=5
Epochs=40
Batch_Size=512
Time=0.00043615920000000005