k-Fold final Accuracy: 0.33571144938468933
k-Fold standart deviation: 0.20502902567386627
k_max=4
k_size=100000
Width=128
Conv_Depth=6
Point_Depth=3
Linear_Depth=5
Epochs=40
Batch_Size=512
Time=0.00044399364