k-Fold final Accuracy: 0.24592477083206177
k-Fold standart deviation: 0.023594889789819717
k_max=4
k_size=100000
Width=128
Conv_Depth=4
Point_Depth=3
Linear_Depth=5
Epochs=40
Batch_Size=512
Time=0.0004313396