k-Fold final Accuracy: 0.23218342661857605
k-Fold standart deviation: 0.004799430724233389
k_max=4
k_size=100000
Width=32
Conv_Depth=2
Point_Depth=1
Linear_Depth=6
Epochs=40
Batch_Size=512
Time=0.00016282348