k-Fold final Accuracy: 0.22816552221775055
k-Fold standart deviation: 0.004704847000539303
k_max=4
k_size=100000
Width=32
Conv_Depth=3
Point_Depth=1
Linear_Depth=6
Epochs=40
Batch_Size=512
Time=0.00016654776