k-Fold final Accuracy: 0.23788468539714813
k-Fold standart deviation: 0.006595717743039131
k_max=5
k_size=100000
Epochs=60
Batch_Size=512
Time=0.0003015753