k-Fold final Accuracy: 0.2412717342376709
k-Fold standart deviation: 0.018251245841383934
k_max=5
k_size=100000
Epochs=60
Batch_Size=512
Time=0.0003077009