k-Fold final Accuracy: 0.23789480328559875
k-Fold standart deviation: 0.008069834671914577
k_max=5
k_size=100000
Epochs=60
Batch_Size=512
Time=0.00030462265
ConvHops=2
PointHops=1