k-Fold final Accuracy: 0.23647382855415344
k-Fold standart deviation: 0.005777749698609114
k_max=5
k_size=100000
Epochs=60
Batch_Size=512
Time=0.0003013811