Accuracy: 0.2520614266395569
Width=128
Conv_Depth=3
Point_Depth=3
Linear_Depth=7
Training_Size=100000.0
Epochs=60
Batch_Size=1024
Time=0.0007369858299999999