Accuracy: 0.24729777872562408
Width=128
Conv_Depth=3
Point_Depth=3
Linear_Depth=9
Training_Size=100000.0
Epochs=60
Batch_Size=1024
Time=0.0007340466000000001