k-Fold final Accuracy: 0.21882586181163788
k-Fold standart deviation: 0.06640711426734924
k_max=5
k_size=100000
Epochs=60
Batch_Size=1024