Accuracy: 0.07676497101783752
Width=256
Conv_Depth=3
Point_Depth=3
Linear_Depth=5
Training_Size=50000.0
Epochs=60
Batch_Size=1024
Time=0.0013918868399999998