Accuracy: 0.4546600878238678
Width=128
Conv_Depth=3
Point_Depth=3
Linear_Depth=5
Training_Size=20000.0
Epochs=60
Batch_Size=1024
Time=0.0007227133