k-Fold final Accuracy: 0.23233769834041595
k-Fold standart deviation: 0.006377009674906731
Values: tensor([0.2234, 0.2374, 0.2364, 0.2320])
k_max=4
k_size=100000
Width=128
Conv_Depth=3
Point_Depth=3
Linear_Depth=5
Epochs=50
Batch_Size=1024
Time=0.00025599024