k-Fold final Accuracy: 0.27399948239326477
k-Fold standart deviation: 0.03523489087820053
Values: tensor([0.2893, 0.2513, 0.2393, 0.3161])
k_max=4
k_size=100000
Width=128
Conv_Depth=2
Point_Depth=3
Linear_Depth=5
Epochs=50
Batch_Size=1024
Time=0.00024736304