k-Fold final Accuracy: 0.27460408210754395
k-Fold standart deviation: 0.022562239319086075
Values: tensor([0.2970, 0.2647, 0.2478, 0.2889])
k_max=4
k_size=100000
Width=128
Conv_Depth=2
Point_Depth=3
Linear_Depth=5
Epochs=50
Batch_Size=1024
Time=0.00024716168