k-Fold final Accuracy: 0.24601596593856812
k-Fold standart deviation: 0.028185607865452766
k_max=4
k_size=100000
Width=12
Conv_Depth=3
Point_Depth=3
Linear_Depth=5
Epochs=40
Batch_Size=512
Time=0.00017305060000000002