k-Fold final Accuracy: 0.2599238455295563
k-Fold standart deviation: 0.017981840297579765
k_max=4
k_size=100000
Width=4
Conv_Depth=3
Point_Depth=3
Linear_Depth=5
Epochs=40
Batch_Size=512
Time=0.00017137916