k-Fold final Accuracy: 0.24875032901763916
k-Fold standart deviation: 0.024191536009311676
k_max=4
k_size=100000
Width=12
Conv_Depth=2
Point_Depth=3
Linear_Depth=5
Epochs=40
Batch_Size=512
Time=0.00017027728