k-Fold final Accuracy: 0.2645384967327118
k-Fold standart deviation: 0.006968335714191198
k_max=4
k_size=100000
Width=4
Conv_Depth=2
Point_Depth=3
Linear_Depth=5
Epochs=40
Batch_Size=512
Time=0.00016886872