k-Fold final Accuracy: 0.24138426780700684
k-Fold standart deviation: 0.009071691893041134
k_max=4
k_size=100000
Width=8
Conv_Depth=3
Point_Depth=3
Linear_Depth=5
Epochs=40
Batch_Size=512
Time=0.00017395332