k-Fold final Accuracy: 0.33886364102363586
k-Fold standart deviation: 0.021936537697911263
k_max=4
k_size=100000
Width=512
Conv_Depth=3
Point_Depth=3
Linear_Depth=5
Epochs=40
Batch_Size=512
Time=0.00119686104