k-Fold final Accuracy: 0.23345640301704407
k-Fold standart deviation: 0.001575771952047944
k_max=4
k_size=100000
Width=64
Conv_Depth=3
Point_Depth=3
Linear_Depth=5
Epochs=40
Batch_Size=512
Time=0.00030008928