k-Fold final Accuracy: 0.23204654455184937
k-Fold standart deviation: 0.0043099806644022465
k_max=4
k_size=100000
Width=256
Conv_Depth=3
Point_Depth=3
Linear_Depth=5
Epochs=40
Batch_Size=512
Time=0.00068223224