k-Fold final Accuracy: 0.23197954893112183
k-Fold standart deviation: 0.005082625895738602
k_max=4
k_size=100000
Width=128
Conv_Depth=3
Point_Depth=3
Linear_Depth=5
Epochs=40
Batch_Size=512
Time=0.00042586599999999995