k-Fold final Accuracy: 294.0613098144531
k-Fold standart deviation: 528.6112060546875
k_max=4
k_size=100000
Width=256
Conv_Depth=5
Point_Depth=1
Linear_Depth=8
Epochs=40
Batch_Size=512
Time=0.00020497772