k-Fold final Accuracy: 0.229945570230484
k-Fold standart deviation: 0.004696679301559925
k_max=4
k_size=100000
Width=16
Conv_Depth=5
Point_Depth=1
Linear_Depth=8
Epochs=40
Batch_Size=512
Time=0.0001709402