k-Fold final Accuracy: 0.22663351893424988
k-Fold standart deviation: 0.006165301892906427
k_max=4
k_size=100000
Width=64
Conv_Depth=5
Point_Depth=1
Linear_Depth=8
Epochs=40
Batch_Size=512
Time=0.00017667264