Accuracy: 0.23068459331989288
Training_Size=100000.0
Epochs=60
Batch_Size=2048
Time=0.00058161777