Accuracy: 0.2599997818470001
Training_Size=100000.0
Epochs=60
Batch_Size=3072
Time=0.0005355944800000001