Accuracy: 0.3007030189037323
Training_Size=100000.0
Epochs=60
Batch_Size=256
Time=0.00124300303