k-Fold final Accuracy: 0.24788455665111542
k-Fold standart deviation: 0.013743573799729347
k_max=5
k_size=100000
Epochs=60
Batch_Size=512
Time=0.00030617540000000003