Accuracy: 0.2535194456577301
Width=128
Conv_Depth=4
Point_Depth=3
Linear_Depth=5
Training_Size=100000.0
Epochs=60
Batch_Size=1024
Time=0.00068685434