Accuracy: 0.30148524045944214
Width=128
Conv_Depth=3
Point_Depth=3
Linear_Depth=3
Training_Size=100000.0
Epochs=60
Batch_Size=1024
Time=0.0008226828999999999