Accuracy: 0.25122320652008057
Width=128
Conv_Depth=3
Point_Depth=3
Linear_Depth=5
Training_Size=100000.0
Epochs=60
Batch_Size=1024
Time=0.0008074600300000001