Accuracy: 0.2362840622663498
Width=16
Conv_Depth=3
Point_Depth=3
Linear_Depth=5
Training_Size=100000.0
Epochs=60
Batch_Size=1024
Time=0.00030257495