Accuracy: 0.26177963614463806
Width=128
Conv_Depth=2
Point_Depth=3
Linear_Depth=5
Training_Size=100000.0
Epochs=60
Batch_Size=1024
Time=0.00080684606