Accuracy: 0.25005775690078735
Width=128
Conv_Depth=3
Point_Depth=4
Linear_Depth=5
Training_Size=100000.0
Epochs=60
Batch_Size=1024
Time=0.00098278307