Accuracy: 0.25077831745147705
Width=128
Conv_Depth=3
Point_Depth=6
Linear_Depth=5
Training_Size=100000.0
Epochs=60
Batch_Size=1024
Time=0.00156229426