Accuracy: 0.23314006626605988
Width=128
Conv_Depth=3
Point_Depth=1
Linear_Depth=5
Training_Size=100000.0
Epochs=60
Batch_Size=1024
Time=0.00029001158