Accuracy: 0.23978891968727112
Width=48
Conv_Depth=3
Point_Depth=3
Linear_Depth=5
Training_Size=100000.0
Epochs=60
Batch_Size=1024
Time=0.00035547165